geneID	enhancerID	beta
1	1	0.88
1	2	0.59
1	3	0.39
1	4	0.7
1	5	0.32
2	6	1
2	7	0.38
2	8	1
2	9	0.77
2	10	0.56
3	11	0.77
3	12	0.62
3	13	1
3	14	1
3	15	1
4	16	1
4	17	0.66
4	18	0.85
4	19	1
4	20	1
5	21	0.84
5	22	0.43
5	23	0.83
5	24	1
5	25	0.78
6	26	0.65
6	27	0.5
6	28	0.65
6	29	1
6	30	0.4
7	31	0.37
7	32	0.74
7	33	0.59
7	34	0.76
7	35	1
8	36	1
8	37	1
8	38	0.82
8	39	0.94
8	40	1
9	41	1
9	42	1
9	43	0.42
9	44	1
9	45	0.65
10	46	1
10	47	1
10	48	0.77
10	49	0.57
10	50	0.43
11	51	1
11	52	1
11	53	1
11	54	0.73
11	55	0.54
12	56	0.94
12	57	0.83
12	58	0.8
12	59	0.75
12	60	1
13	61	1
13	62	0.81
13	63	1
13	64	0.7
13	65	1
14	66	1
14	67	0.66
14	68	1
14	69	1
14	70	1
15	71	1
15	72	1
15	73	1
15	74	1
15	75	0.66
16	76	0.57
16	77	0.7
16	78	0.65
16	79	1
16	80	0.66
17	81	0.88
17	82	0.81
17	83	1
17	84	1
17	85	1
18	86	0.66
18	87	1
18	88	1
18	89	1
18	90	1
19	91	1
19	92	0.71
19	93	0.69
19	94	1
19	95	0.61
20	96	1
20	97	1
20	98	1
20	99	1
20	100	0.59
21	101	1
21	102	0.39
21	103	1
21	104	0.62
21	105	0.63
22	106	0.63
22	107	1
22	108	1
22	109	0.68
22	110	1
23	111	1
23	112	1
23	113	0.7
23	114	1
23	115	0.76
24	116	0.54
24	117	1
24	118	0.61
24	119	1
24	120	0.69
25	121	1
25	122	0.83
25	123	0.75
25	124	1
25	125	0.71
26	126	1
26	127	0.59
26	128	0.85
26	129	0.59
26	130	1
27	131	1
27	132	1
27	133	1
27	134	0.54
27	135	0.48
28	136	1
28	137	0.58
28	138	1
28	139	1
28	140	0.6
29	141	1
29	142	0.66
29	143	1
29	144	1
29	145	1
30	146	1
30	147	0.49
30	148	1
30	149	0.35
30	150	0.47
31	151	1
31	152	0.76
31	153	0.69
31	154	0.6
31	155	0.73
32	156	1
32	157	0.87
32	158	1
32	159	1
32	160	1
33	161	1
33	162	1
33	163	0.62
33	164	0.5
33	165	0.65
34	166	0.77
34	167	1
34	168	1
34	169	0.6
34	170	0.53
35	171	0.72
35	172	0.64
35	173	1
35	174	0.85
35	175	1
36	176	0.7
36	177	0.91
36	178	0.68
36	179	0.8
36	180	1
37	181	0.85
37	182	1
37	183	0.69
37	184	1
37	185	1
38	186	0.81
38	187	1
38	188	0.64
38	189	1
38	190	1
39	191	1
39	192	1
39	193	0.25
39	194	0.78
39	195	1
40	196	1
40	197	0.85
40	198	1
40	199	0.67
40	200	1
41	201	1
41	202	0.59
41	203	0.69
41	204	1
41	205	1
42	206	1
42	207	0.71
42	208	0.69
42	209	1
42	210	0.43
43	211	0.74
43	212	0.67
43	213	0.78
43	214	1
43	215	0.86
44	216	0.94
44	217	1
44	218	1
44	219	1
44	220	0.55
45	221	0.66
45	222	0.45
45	223	0.62
45	224	1
45	225	1
46	226	1
46	227	1
46	228	0.58
46	229	1
46	230	0.72
47	231	0.5
47	232	1
47	233	1
47	234	1
47	235	1
48	236	0.79
48	237	0.58
48	238	1
48	239	1
48	240	1
49	241	1
49	242	0.64
49	243	0.81
49	244	0.76
49	245	1
50	246	1
50	247	1
50	248	0.6
50	249	1
50	250	1
51	251	1
51	252	1
51	253	0.73
51	254	1
51	255	1
52	256	1
52	257	0.88
52	258	0.37
52	259	1
52	260	0.5
53	261	1
53	262	1
53	263	1
53	264	1
53	265	1
54	266	1
54	267	0.92
54	268	1
54	269	1
54	270	0.77
55	271	1
55	272	1
55	273	0.73
55	274	1
55	275	0.84
56	276	1
56	277	1
56	278	0.76
56	279	1
56	280	0.86
57	281	1
57	282	1
57	283	1
57	284	1
57	285	0.54
58	286	1
58	287	1
58	288	0.85
58	289	0.46
58	290	1
59	291	1
59	292	1
59	293	0.38
59	294	0.58
59	295	1
60	296	1
60	297	1
60	298	1
60	299	0.92
60	300	0.48
61	301	1
61	302	1
61	303	0.38
61	304	0.61
61	305	1
62	306	1
62	307	1
62	308	1
62	309	0.79
62	310	0.43
63	311	1
63	312	0.93
63	313	0.83
63	314	1
63	315	1
64	316	1
64	317	0.62
64	318	1
64	319	0.55
64	320	0.6
65	321	0.74
65	322	1
65	323	0.82
65	324	1
65	325	1
66	326	0.52
66	327	1
66	328	0.76
66	329	0.47
66	330	0.7
67	331	0.37
67	332	0.8
67	333	0.36
67	334	0.78
67	335	1
68	336	1
68	337	0.65
68	338	0.39
68	339	1
68	340	0.25
69	341	1
69	342	1
69	343	1
69	344	1
69	345	0.69
70	346	1
70	347	0.77
70	348	1
70	349	1
70	350	1
71	351	1
71	352	0.58
71	353	0.53
71	354	1
71	355	1
72	356	1
72	357	0.7
72	358	1
72	359	1
72	360	1
73	361	1
73	362	1
73	363	1
73	364	0.8
73	365	0.47
74	366	1
74	367	1
74	368	1
74	369	0.4
74	370	0.77
75	371	1
75	372	0.75
75	373	0.29
75	374	0.74
75	375	1
76	376	0.38
76	377	1
76	378	1
76	379	0.46
76	380	0.67
77	381	0.56
77	382	1
77	383	1
77	384	1
77	385	1
78	386	0.27
78	387	0.53
78	388	0.6
78	389	0.74
78	390	1
79	391	1
79	392	1
79	393	1
79	394	1
79	395	1
80	396	0.42
80	397	0.17
80	398	1
80	399	1
80	400	0.61
81	401	0.52
81	402	1
81	403	0.87
81	404	0.74
81	405	1
82	406	0.83
82	407	0.84
82	408	0.52
82	409	0.55
82	410	0.68
83	411	1
83	412	0.81
83	413	0.22
83	414	1
83	415	0.55
84	416	0.56
84	417	0.83
84	418	1
84	419	0.73
84	420	1
85	421	1
85	422	0.81
85	423	0.92
85	424	1
85	425	1
86	426	0.52
86	427	0.58
86	428	1
86	429	1
86	430	0.72
87	431	1
87	432	1
87	433	1
87	434	1
87	435	0.62
88	436	1
88	437	0.57
88	438	0.87
88	439	0.5
88	440	1
89	441	0.43
89	442	0.72
89	443	0.6
89	444	0.78
89	445	0.5
90	446	0.63
90	447	0.52
90	448	1
90	449	1
90	450	1
91	451	0.52
91	452	0.42
91	453	0.49
91	454	1
91	455	0.48
92	456	0.73
92	457	1
92	458	1
92	459	0.82
92	460	0.81
93	461	1
93	462	1
93	463	1
93	464	0.35
93	465	0.37
94	466	0.55
94	467	0.65
94	468	1
94	469	0.73
94	470	1
95	471	1
95	472	0.23
95	473	0.76
95	474	1
95	475	0.49
96	476	0.6
96	477	0.68
96	478	0.61
96	479	1
96	480	0.56
97	481	0.77
97	482	0.55
97	483	0.64
97	484	0.34
97	485	0.71
98	486	1
98	487	0.71
98	488	1
98	489	0.72
98	490	1
99	491	0.83
99	492	0.59
99	493	0.7
99	494	1
99	495	1
100	496	1
100	497	1
100	498	1
100	499	0.64
100	500	0.81
101	501	1
101	502	1
101	503	0.45
101	504	1
101	505	0.69
102	506	1
102	507	1
102	508	0.52
102	509	0.47
102	510	1
103	511	1
103	512	0.58
103	513	1
103	514	0.77
103	515	0.76
104	516	1
104	517	1
104	518	0.49
104	519	0.54
104	520	1
105	521	0.43
105	522	0.51
105	523	0.61
105	524	0.82
105	525	1
106	526	0.41
106	527	0.44
106	528	0.49
106	529	1
106	530	1
107	531	0.59
107	532	0.49
107	533	1
107	534	1
107	535	0.64
108	536	0.86
108	537	1
108	538	1
108	539	0.72
108	540	0.83
109	541	0.71
109	542	1
109	543	1
109	544	1
109	545	0.66
110	546	1
110	547	0.69
110	548	1
110	549	1
110	550	0.79
111	551	0.64
111	552	0.35
111	553	1
111	554	0.66
111	555	0.73
112	556	0.54
112	557	0.71
112	558	1
112	559	0.62
112	560	0.73
113	561	1
113	562	1
113	563	1
113	564	0.81
113	565	1
114	566	1
114	567	1
114	568	0.54
114	569	0.44
114	570	0.75
115	571	0.85
115	572	0.55
115	573	1
115	574	1
115	575	0.79
116	576	1
116	577	0.77
116	578	0.42
116	579	0.39
116	580	0.5
117	581	0.42
117	582	1
117	583	1
117	584	1
117	585	0.72
118	586	0.8
118	587	1
118	588	1
118	589	1
118	590	1
119	591	0.51
119	592	0.36
119	593	1
119	594	1
119	595	1
120	596	0.71
120	597	0.77
120	598	1
120	599	0.56
120	600	1
121	601	1
121	602	0.59
121	603	1
121	604	0.34
121	605	1
122	606	1
122	607	0.59
122	608	1
122	609	1
122	610	1
123	611	0.46
123	612	0.58
123	613	1
123	614	0.43
123	615	1
124	616	0.57
124	617	0.55
124	618	0.57
124	619	0.43
124	620	1
125	621	1
125	622	1
125	623	0.55
125	624	1
125	625	1
126	626	1
126	627	0.62
126	628	1
126	629	1
126	630	1
127	631	0.67
127	632	0.76
127	633	0.91
127	634	0.48
127	635	1
128	636	1
128	637	0.6
128	638	0.86
128	639	0.73
128	640	1
129	641	0.24
129	642	0.6
129	643	1
129	644	1
129	645	0.71
130	646	1
130	647	0.89
130	648	0.65
130	649	0.45
130	650	0.63
131	651	0.61
131	652	0.7
131	653	1
131	654	1
131	655	1
132	656	0.5
132	657	1
132	658	0.87
132	659	1
132	660	0.73
133	661	0.6
133	662	0.92
133	663	0.52
133	664	0.49
133	665	0.37
134	666	0.51
134	667	0.68
134	668	0.65
134	669	0.74
134	670	1
135	671	1
135	672	0.63
135	673	0.39
135	674	1
135	675	1
136	676	1
136	677	0.35
136	678	1
136	679	0.52
136	680	1
137	681	0.41
137	682	1
137	683	1
137	684	0.33
137	685	0.79
138	686	1
138	687	1
138	688	1
138	689	0.41
138	690	0.55
139	691	0.5
139	692	1
139	693	0.49
139	694	0.86
139	695	0.76
140	696	1
140	697	0.82
140	698	1
140	699	1
140	700	1
141	701	0.68
141	702	0.59
141	703	0.59
141	704	0.53
141	705	0.68
142	706	1
142	707	1
142	708	1
142	709	0.89
142	710	1
143	711	0.5
143	712	0.62
143	713	0.67
143	714	0.52
143	715	1
144	716	1
144	717	1
144	718	1
144	719	1
144	720	0.63
145	721	1
145	722	1
145	723	0.55
145	724	0.46
145	725	0.85
146	726	0.66
146	727	0.72
146	728	1
146	729	0.68
146	730	0.57
147	731	0.83
147	732	1
147	733	0.9
147	734	0.78
147	735	0.74
148	736	0.78
148	737	1
148	738	1
148	739	0.73
148	740	0.88
149	741	0.75
149	742	1
149	743	1
149	744	0.57
149	745	0.86
150	746	1
150	747	0.22
150	748	0.73
150	749	0.34
150	750	0.46
151	751	1
151	752	1
151	753	1
151	754	0.92
151	755	0.57
152	756	1
152	757	0.46
152	758	1
152	759	0.86
152	760	1
153	761	1
153	762	1
153	763	1
153	764	1
153	765	1
154	766	1
154	767	1
154	768	1
154	769	0.36
154	770	0.7
155	771	1
155	772	0.36
155	773	1
155	774	1
155	775	0.8
156	776	0.48
156	777	1
156	778	1
156	779	0.59
156	780	1
157	781	1
157	782	0.6
157	783	0.67
157	784	1
157	785	1
158	786	0.49
158	787	0.35
158	788	0.84
158	789	1
158	790	1
159	791	1
159	792	1
159	793	0.63
159	794	1
159	795	1
160	796	0.67
160	797	0.61
160	798	1
160	799	0.78
160	800	1
161	801	0.7
161	802	0.51
161	803	0.56
161	804	1
161	805	1
162	806	0.81
162	807	0.33
162	808	1
162	809	1
162	810	1
163	811	0.61
163	812	0.7
163	813	1
163	814	1
163	815	1
164	816	1
164	817	0.56
164	818	0.85
164	819	0.66
164	820	1
165	821	1
165	822	1
165	823	1
165	824	1
165	825	1
166	826	0.47
166	827	1
166	828	0.46
166	829	0.35
166	830	0.85
167	831	0.88
167	832	1
167	833	1
167	834	0.69
167	835	0.88
168	836	1
168	837	1
168	838	1
168	839	1
168	840	1
169	841	0.74
169	842	1
169	843	1
169	844	0.82
169	845	1
170	846	1
170	847	0.59
170	848	0.6
170	849	1
170	850	0.7
171	851	0.81
171	852	0.75
171	853	0.7
171	854	0.63
171	855	0.25
172	856	0.75
172	857	1
172	858	0.49
172	859	1
172	860	0.54
173	861	1
173	862	1
173	863	1
173	864	1
173	865	0.67
174	866	1
174	867	0.63
174	868	1
174	869	0.72
174	870	0.23
175	871	0.68
175	872	1
175	873	0.68
175	874	0.81
175	875	0.71
176	876	0.8
176	877	1
176	878	0.5
176	879	0.86
176	880	0.53
177	881	1
177	882	0.23
177	883	1
177	884	1
177	885	1
178	886	1
178	887	1
178	888	0.79
178	889	0.31
178	890	0.81
179	891	0.77
179	892	1
179	893	0.51
179	894	1
179	895	0.45
180	896	1
180	897	0.59
180	898	0.4
180	899	0.45
180	900	1
181	901	1
181	902	0.34
181	903	1
181	904	1
181	905	1
182	906	1
182	907	1
182	908	1
182	909	1
182	910	1
183	911	1
183	912	0.54
183	913	1
183	914	1
183	915	0.57
184	916	0.5
184	917	0.55
184	918	1
184	919	0.51
184	920	0.53
185	921	0.22
185	922	1
185	923	1
185	924	1
185	925	1
186	926	0.73
186	927	0.69
186	928	0.5
186	929	1
186	930	1
187	931	1
187	932	0.57
187	933	1
187	934	0.6
187	935	0.91
188	936	0.7
188	937	0.66
188	938	0.44
188	939	0.49
188	940	1
189	941	0.52
189	942	1
189	943	0.5
189	944	1
189	945	0.83
190	946	0.58
190	947	0.67
190	948	0.33
190	949	0.36
190	950	0.17
191	951	0.51
191	952	0.85
191	953	1
191	954	1
191	955	0.66
192	956	0.56
192	957	1
192	958	0.8
192	959	1
192	960	0.57
193	961	1
193	962	1
193	963	0.64
193	964	1
193	965	1
194	966	1
194	967	0.61
194	968	0.62
194	969	1
194	970	0.77
195	971	1
195	972	0.8
195	973	1
195	974	0.67
195	975	0.69
196	976	1
196	977	1
196	978	0.59
196	979	1
196	980	0.68
197	981	0.43
197	982	1
197	983	0.45
197	984	1
197	985	0.5
198	986	1
198	987	0.73
198	988	0.9
198	989	1
198	990	1
199	991	0.67
199	992	0.54
199	993	0.54
199	994	1
199	995	0.84
200	996	0.79
200	997	0.73
200	998	0.53
200	999	1
200	1000	0.42
201	1001	1
201	1002	1
201	1003	0.57
201	1004	1
201	1005	1
202	1006	0.6
202	1007	0.73
202	1008	0.81
202	1009	0.43
202	1010	0.75
203	1011	1
203	1012	0.64
203	1013	1
203	1014	1
203	1015	0.55
204	1016	0.43
204	1017	0.56
204	1018	1
204	1019	0.73
204	1020	1
205	1021	0.84
205	1022	0.8
205	1023	0.56
205	1024	1
205	1025	0.69
206	1026	1
206	1027	1
206	1028	0.9
206	1029	0.59
206	1030	1
207	1031	0.45
207	1032	0.57
207	1033	1
207	1034	1
207	1035	1
208	1036	1
208	1037	1
208	1038	1
208	1039	0.52
208	1040	0.75
209	1041	0.74
209	1042	1
209	1043	1
209	1044	0.73
209	1045	0.59
210	1046	0.59
210	1047	0.59
210	1048	1
210	1049	1
210	1050	1
211	1051	0.46
211	1052	0.69
211	1053	1
211	1054	0.62
211	1055	1
212	1056	0.69
212	1057	0.76
212	1058	0.7
212	1059	0.75
212	1060	0.37
213	1061	1
213	1062	1
213	1063	1
213	1064	1
213	1065	1
214	1066	1
214	1067	0.39
214	1068	0.48
214	1069	1
214	1070	0.58
215	1071	1
215	1072	1
215	1073	1
215	1074	1
215	1075	0.63
216	1076	1
216	1077	0.6
216	1078	0.63
216	1079	0.29
216	1080	0.67
217	1081	1
217	1082	0.83
217	1083	0.68
217	1084	0.81
217	1085	0.56
218	1086	1
218	1087	0.4
218	1088	1
218	1089	0.24
218	1090	1
219	1091	1
219	1092	0.45
219	1093	0.68
219	1094	1
219	1095	0.64
220	1096	1
220	1097	0.43
220	1098	1
220	1099	1
220	1100	1
221	1101	0.8
221	1102	0.36
221	1103	0.47
221	1104	0.32
221	1105	0.74
222	1106	1
222	1107	0.64
222	1108	0.52
222	1109	1
222	1110	0.82
223	1111	0.77
223	1112	1
223	1113	1
223	1114	1
223	1115	0.55
224	1116	1
224	1117	0.68
224	1118	1
224	1119	0.64
224	1120	1
225	1121	1
225	1122	1
225	1123	1
225	1124	0.75
225	1125	1
226	1126	1
226	1127	0.62
226	1128	0.55
226	1129	1
226	1130	1
227	1131	0.56
227	1132	1
227	1133	0.69
227	1134	0.76
227	1135	1
228	1136	1
228	1137	1
228	1138	1
228	1139	1
228	1140	1
229	1141	0.77
229	1142	0.76
229	1143	1
229	1144	0.64
229	1145	0.87
230	1146	1
230	1147	0.66
230	1148	1
230	1149	1
230	1150	0.61
231	1151	0.8
231	1152	0.7
231	1153	0.73
231	1154	0.7
231	1155	0.45
232	1156	1
232	1157	0.7
232	1158	1
232	1159	1
232	1160	0.53
233	1161	1
233	1162	0.56
233	1163	0.58
233	1164	0.63
233	1165	0.36
234	1166	0.52
234	1167	1
234	1168	1
234	1169	0.58
234	1170	0.31
235	1171	0.81
235	1172	0.76
235	1173	1
235	1174	1
235	1175	1
236	1176	1
236	1177	1
236	1178	0.61
236	1179	0.67
236	1180	1
237	1181	1
237	1182	1
237	1183	0.75
237	1184	1
237	1185	0.28
238	1186	1
238	1187	0.6
238	1188	0.65
238	1189	0.6
238	1190	0.58
239	1191	1
239	1192	1
239	1193	0.77
239	1194	0.77
239	1195	1
240	1196	0.66
240	1197	0.4
240	1198	0.92
240	1199	0.77
240	1200	0.59
241	1201	1
241	1202	0.48
241	1203	0.48
241	1204	0.83
241	1205	0.73
242	1206	0.74
242	1207	1
242	1208	1
242	1209	0.6
242	1210	0.53
243	1211	1
243	1212	0.54
243	1213	0.87
243	1214	1
243	1215	1
244	1216	0.43
244	1217	1
244	1218	1
244	1219	1
244	1220	0.57
245	1221	0.87
245	1222	0.55
245	1223	0.59
245	1224	0.78
245	1225	0.57
246	1226	0.57
246	1227	0.83
246	1228	1
246	1229	1
246	1230	0.66
247	1231	0.59
247	1232	0.85
247	1233	1
247	1234	0.83
247	1235	1
248	1236	1
248	1237	1
248	1238	0.55
248	1239	0.78
248	1240	0.65
249	1241	1
249	1242	1
249	1243	0.76
249	1244	0.93
249	1245	0.62
250	1246	1
250	1247	1
250	1248	0.63
250	1249	0.27
250	1250	0.61
251	1251	1
251	1252	1
251	1253	0.6
251	1254	0.69
251	1255	0.79
252	1256	1
252	1257	0.59
252	1258	1
252	1259	0.75
252	1260	1
253	1261	1
253	1262	0.82
253	1263	0.23
253	1264	1
253	1265	0.69
254	1266	0.56
254	1267	1
254	1268	0.93
254	1269	0.29
254	1270	0.47
255	1271	1
255	1272	0.31
255	1273	1
255	1274	0.78
255	1275	0.74
256	1276	0.54
256	1277	0.73
256	1278	0.46
256	1279	0.55
256	1280	1
257	1281	0.66
257	1282	0.8
257	1283	0.5
257	1284	1
257	1285	1
258	1286	0.64
258	1287	0.51
258	1288	1
258	1289	1
258	1290	0.79
259	1291	1
259	1292	1
259	1293	0.62
259	1294	0.79
259	1295	0.59
260	1296	0.64
260	1297	1
260	1298	1
260	1299	1
260	1300	1
261	1301	0.76
261	1302	0.58
261	1303	0.67
261	1304	0.58
261	1305	0.79
262	1306	0.79
262	1307	1
262	1308	1
262	1309	1
262	1310	1
263	1311	0.9
263	1312	1
263	1313	1
263	1314	0.76
263	1315	1
264	1316	0.51
264	1317	0.61
264	1318	1
264	1319	0.4
264	1320	1
265	1321	1
265	1322	1
265	1323	0.85
265	1324	1
265	1325	1
266	1326	1
266	1327	0.94
266	1328	0.63
266	1329	1
266	1330	1
267	1331	0.59
267	1332	0.65
267	1333	1
267	1334	0.36
267	1335	0.47
268	1336	1
268	1337	0.55
268	1338	0.57
268	1339	1
268	1340	1
269	1341	1
269	1342	1
269	1343	0.7
269	1344	1
269	1345	1
270	1346	0.55
270	1347	1
270	1348	0.75
270	1349	1
270	1350	0.58
271	1351	1
271	1352	1
271	1353	0.51
271	1354	1
271	1355	0.88
272	1356	0.69
272	1357	1
272	1358	1
272	1359	0.73
272	1360	1
273	1361	1
273	1362	0.34
273	1363	1
273	1364	1
273	1365	1
274	1366	0.36
274	1367	0.87
274	1368	0.73
274	1369	0.64
274	1370	0.51
275	1371	0.64
275	1372	1
275	1373	1
275	1374	1
275	1375	1
276	1376	1
276	1377	1
276	1378	0.75
276	1379	1
276	1380	1
277	1381	0.45
277	1382	0.46
277	1383	0.62
277	1384	1
277	1385	0.35
278	1386	0.4
278	1387	0.69
278	1388	0.22
278	1389	1
278	1390	1
279	1391	1
279	1392	1
279	1393	0.62
279	1394	0.48
279	1395	1
280	1396	0.54
280	1397	0.77
280	1398	1
280	1399	0.6
280	1400	1
281	1401	0.73
281	1402	1
281	1403	0.72
281	1404	1
281	1405	0.6
282	1406	1
282	1407	1
282	1408	0.58
282	1409	1
282	1410	1
283	1411	0.61
283	1412	0.61
283	1413	1
283	1414	0.62
283	1415	1
284	1416	1
284	1417	1
284	1418	0.85
284	1419	0.82
284	1420	0.55
285	1421	1
285	1422	0.71
285	1423	0.35
285	1424	0.61
285	1425	1
286	1426	1
286	1427	1
286	1428	1
286	1429	1
286	1430	1
287	1431	0.66
287	1432	0.55
287	1433	0.22
287	1434	1
287	1435	0.73
288	1436	1
288	1437	1
288	1438	0.94
288	1439	1
288	1440	0.58
289	1441	0.78
289	1442	1
289	1443	0.67
289	1444	0.64
289	1445	0.62
290	1446	1
290	1447	1
290	1448	1
290	1449	1
290	1450	0.7
291	1451	0.66
291	1452	1
291	1453	0.6
291	1454	1
291	1455	1
292	1456	0.52
292	1457	1
292	1458	0.77
292	1459	1
292	1460	0.69
293	1461	1
293	1462	1
293	1463	1
293	1464	0.81
293	1465	1
294	1466	0.56
294	1467	1
294	1468	1
294	1469	1
294	1470	1
295	1471	1
295	1472	1
295	1473	0.67
295	1474	1
295	1475	0.64
296	1476	1
296	1477	0.61
296	1478	1
296	1479	1
296	1480	0.36
297	1481	1
297	1482	0.79
297	1483	0.7
297	1484	1
297	1485	1
298	1486	0.57
298	1487	0.52
298	1488	1
298	1489	0.69
298	1490	0.54
299	1491	0.57
299	1492	0.49
299	1493	0.78
299	1494	0.8
299	1495	0.52
300	1496	1
300	1497	0.84
300	1498	0.7
300	1499	0.57
300	1500	0.76
301	1501	0.39
301	1502	0.57
301	1503	0.59
301	1504	1
301	1505	0.4
302	1506	0.61
302	1507	0.84
302	1508	1
302	1509	0.54
302	1510	0.67
303	1511	0.68
303	1512	0.54
303	1513	0.84
303	1514	0.44
303	1515	1
304	1516	1
304	1517	1
304	1518	1
304	1519	0.34
304	1520	0.8
305	1521	1
305	1522	1
305	1523	1
305	1524	1
305	1525	1
306	1526	1
306	1527	1
306	1528	0.59
306	1529	0.37
306	1530	1
307	1531	1
307	1532	1
307	1533	0.67
307	1534	0.44
307	1535	0.54
308	1536	1
308	1537	0.41
308	1538	0.84
308	1539	1
308	1540	1
309	1541	1
309	1542	1
309	1543	0.67
309	1544	1
309	1545	0.85
310	1546	0.65
310	1547	1
310	1548	0.6
310	1549	0.38
310	1550	1
311	1551	1
311	1552	1
311	1553	1
311	1554	1
311	1555	1
312	1556	0.65
312	1557	1
312	1558	0.58
312	1559	1
312	1560	1
313	1561	0.78
313	1562	0.61
313	1563	0.62
313	1564	1
313	1565	0.64
314	1566	0.77
314	1567	1
314	1568	1
314	1569	0.41
314	1570	1
315	1571	0.88
315	1572	0.8
315	1573	1
315	1574	1
315	1575	0.74
316	1576	0.97
316	1577	1
316	1578	0.73
316	1579	1
316	1580	1
317	1581	1
317	1582	0.85
317	1583	1
317	1584	0.51
317	1585	0.76
318	1586	1
318	1587	1
318	1588	1
318	1589	1
318	1590	0.74
319	1591	0.48
319	1592	1
319	1593	1
319	1594	1
319	1595	1
320	1596	0.41
320	1597	1
320	1598	0.8
320	1599	0.79
320	1600	1
321	1601	0.76
321	1602	0.53
321	1603	0.6
321	1604	1
321	1605	1
322	1606	1
322	1607	1
322	1608	1
322	1609	1
322	1610	0.68
323	1611	0.35
323	1612	0.96
323	1613	1
323	1614	0.52
323	1615	0.53
324	1616	1
324	1617	0.65
324	1618	1
324	1619	0.44
324	1620	0.61
325	1621	1
325	1622	1
325	1623	1
325	1624	1
325	1625	1
326	1626	1
326	1627	1
326	1628	1
326	1629	1
326	1630	0.59
327	1631	0.69
327	1632	0.45
327	1633	0.55
327	1634	1
327	1635	1
328	1636	0.53
328	1637	0.76
328	1638	0.69
328	1639	0.59
328	1640	1
329	1641	0.81
329	1642	0.39
329	1643	0.84
329	1644	0.45
329	1645	1
330	1646	0.77
330	1647	1
330	1648	0.66
330	1649	1
330	1650	0.81
331	1651	0.75
331	1652	1
331	1653	0.75
331	1654	1
331	1655	0.53
332	1656	0.47
332	1657	0.68
332	1658	0.29
332	1659	0.66
332	1660	1
333	1661	0.44
333	1662	1
333	1663	0.42
333	1664	0.68
333	1665	0.82
334	1666	0.27
334	1667	0.77
334	1668	1
334	1669	1
334	1670	1
335	1671	1
335	1672	1
335	1673	0.6
335	1674	1
335	1675	0.48
336	1676	0.5
336	1677	1
336	1678	1
336	1679	1
336	1680	1
337	1681	1
337	1682	1
337	1683	1
337	1684	1
337	1685	1
338	1686	0.55
338	1687	1
338	1688	1
338	1689	0.67
338	1690	0.72
339	1691	0.71
339	1692	1
339	1693	0.48
339	1694	1
339	1695	0.56
340	1696	0.58
340	1697	1
340	1698	1
340	1699	0.39
340	1700	0.82
341	1701	0.52
341	1702	1
341	1703	1
341	1704	1
341	1705	1
342	1706	0.78
342	1707	0.55
342	1708	1
342	1709	1
342	1710	1
343	1711	0.57
343	1712	1
343	1713	1
343	1714	1
343	1715	0.73
344	1716	0.66
344	1717	0.48
344	1718	0.64
344	1719	0.79
344	1720	0.48
345	1721	0.39
345	1722	0.13
345	1723	0.68
345	1724	1
345	1725	1
346	1726	0.56
346	1727	0.74
346	1728	0.55
346	1729	0.47
346	1730	1
347	1731	0.85
347	1732	0.49
347	1733	0.53
347	1734	0.5
347	1735	0.54
348	1736	0.77
348	1737	0.82
348	1738	0.78
348	1739	1
348	1740	1
349	1741	0.62
349	1742	0.76
349	1743	1
349	1744	1
349	1745	1
350	1746	0.44
350	1747	0.52
350	1748	1
350	1749	1
350	1750	1
351	1751	0.76
351	1752	1
351	1753	0.81
351	1754	0.71
351	1755	0.6
352	1756	1
352	1757	1
352	1758	0.55
352	1759	0.7
352	1760	0.46
353	1761	0.59
353	1762	1
353	1763	0.97
353	1764	0.87
353	1765	0.52
354	1766	1
354	1767	1
354	1768	0.72
354	1769	0.23
354	1770	1
355	1771	0.79
355	1772	0.62
355	1773	1
355	1774	1
355	1775	1
356	1776	1
356	1777	1
356	1778	0.92
356	1779	0.85
356	1780	0.9
357	1781	1
357	1782	1
357	1783	1
357	1784	1
357	1785	0.75
358	1786	1
358	1787	0.51
358	1788	1
358	1789	1
358	1790	1
359	1791	0.79
359	1792	0.68
359	1793	0.82
359	1794	1
359	1795	1
360	1796	0.41
360	1797	0.75
360	1798	1
360	1799	0.92
360	1800	0.75
361	1801	1
361	1802	0.34
361	1803	1
361	1804	0.2
361	1805	0.43
362	1806	0.69
362	1807	0.37
362	1808	1
362	1809	1
362	1810	0.93
363	1811	0.49
363	1812	0.7
363	1813	1
363	1814	0.43
363	1815	0.69
364	1816	1
364	1817	1
364	1818	1
364	1819	1
364	1820	0.77
365	1821	0.72
365	1822	1
365	1823	1
365	1824	1
365	1825	0.88
366	1826	1
366	1827	1
366	1828	0.48
366	1829	0.3
366	1830	0.53
367	1831	1
367	1832	0.89
367	1833	0.67
367	1834	0.67
367	1835	1
368	1836	1
368	1837	0.51
368	1838	1
368	1839	0.56
368	1840	1
369	1841	0.51
369	1842	1
369	1843	0.52
369	1844	1
369	1845	0.72
370	1846	1
370	1847	1
370	1848	0.6
370	1849	0.52
370	1850	1
371	1851	1
371	1852	0.38
371	1853	1
371	1854	1
371	1855	1
372	1856	1
372	1857	0.57
372	1858	1
372	1859	0.63
372	1860	1
373	1861	0.34
373	1862	1
373	1863	0.51
373	1864	1
373	1865	0.57
374	1866	1
374	1867	1
374	1868	0.59
374	1869	0.66
374	1870	0.6
375	1871	0.33
375	1872	0.73
375	1873	0.76
375	1874	1
375	1875	1
376	1876	0.47
376	1877	0.36
376	1878	1
376	1879	1
376	1880	0.37
377	1881	0.27
377	1882	1
377	1883	1
377	1884	0.44
377	1885	0.71
378	1886	1
378	1887	1
378	1888	1
378	1889	0.51
378	1890	1
379	1891	0.68
379	1892	0.35
379	1893	1
379	1894	1
379	1895	1
380	1896	1
380	1897	1
380	1898	0.46
380	1899	1
380	1900	1
381	1901	0.29
381	1902	0.64
381	1903	0.85
381	1904	0.76
381	1905	0.61
382	1906	0.89
382	1907	0.6
382	1908	0.73
382	1909	0.61
382	1910	0.62
383	1911	1
383	1912	0.53
383	1913	0.74
383	1914	1
383	1915	1
384	1916	0.63
384	1917	1
384	1918	0.46
384	1919	0.57
384	1920	1
385	1921	1
385	1922	1
385	1923	0.69
385	1924	1
385	1925	1
386	1926	1
386	1927	1
386	1928	1
386	1929	0.9
386	1930	1
387	1931	1
387	1932	1
387	1933	1
387	1934	1
387	1935	0.9
388	1936	1
388	1937	0.29
388	1938	0.74
388	1939	0.78
388	1940	0.59
389	1941	1
389	1942	1
389	1943	1
389	1944	1
389	1945	1
390	1946	0.84
390	1947	0.44
390	1948	0.65
390	1949	0.94
390	1950	1
391	1951	1
391	1952	0.78
391	1953	0.69
391	1954	1
391	1955	1
392	1956	0.75
392	1957	0.84
392	1958	0.76
392	1959	0.67
392	1960	0.56
393	1961	1
393	1962	0.24
393	1963	1
393	1964	0.67
393	1965	0.79
394	1966	1
394	1967	1
394	1968	0.93
394	1969	1
394	1970	0.76
395	1971	1
395	1972	1
395	1973	1
395	1974	1
395	1975	0.76
396	1976	0.56
396	1977	0.87
396	1978	1
396	1979	1
396	1980	0.45
397	1981	0.58
397	1982	1
397	1983	0.35
397	1984	0.36
397	1985	1
398	1986	0.61
398	1987	1
398	1988	1
398	1989	1
398	1990	0.54
399	1991	0.88
399	1992	0.61
399	1993	1
399	1994	0.82
399	1995	0.66
400	1996	1
400	1997	0.5
400	1998	0.49
400	1999	1
400	2000	1
401	2001	0.96
401	2002	1
401	2003	0.38
401	2004	1
401	2005	1
402	2006	0.78
402	2007	1
402	2008	0.91
402	2009	0.6
402	2010	1
403	2011	1
403	2012	1
403	2013	1
403	2014	0.8
403	2015	0.77
404	2016	0.58
404	2017	1
404	2018	1
404	2019	1
404	2020	0.6
405	2021	1
405	2022	0.62
405	2023	0.63
405	2024	0.69
405	2025	1
406	2026	0.82
406	2027	1
406	2028	0.52
406	2029	1
406	2030	0.88
407	2031	0.63
407	2032	0.68
407	2033	1
407	2034	0.73
407	2035	0.68
408	2036	1
408	2037	1
408	2038	0.62
408	2039	1
408	2040	0.68
409	2041	0.71
409	2042	1
409	2043	1
409	2044	1
409	2045	1
410	2046	0.82
410	2047	1
410	2048	1
410	2049	1
410	2050	1
411	2051	0.48
411	2052	1
411	2053	0.88
411	2054	1
411	2055	0.72
412	2056	0.74
412	2057	0.57
412	2058	0.52
412	2059	1
412	2060	0.59
413	2061	0.54
413	2062	0.6
413	2063	1
413	2064	1
413	2065	0.8
414	2066	0.41
414	2067	0.85
414	2068	0.84
414	2069	0.66
414	2070	1
415	2071	1
415	2072	0.37
415	2073	0.64
415	2074	0.84
415	2075	1
416	2076	0.56
416	2077	0.48
416	2078	0.45
416	2079	0.57
416	2080	1
417	2081	0.43
417	2082	1
417	2083	0.48
417	2084	0.65
417	2085	1
418	2086	0.71
418	2087	1
418	2088	1
418	2089	0.7
418	2090	0.72
419	2091	1
419	2092	1
419	2093	0.68
419	2094	0.6
419	2095	1
420	2096	1
420	2097	0.88
420	2098	0.32
420	2099	0.68
420	2100	1
421	2101	0.62
421	2102	0.78
421	2103	0.85
421	2104	0.71
421	2105	0.7
422	2106	1
422	2107	0.75
422	2108	0.46
422	2109	1
422	2110	1
423	2111	1
423	2112	1
423	2113	0.61
423	2114	1
423	2115	0.47
424	2116	0.65
424	2117	0.88
424	2118	0.68
424	2119	0.67
424	2120	0.25
425	2121	1
425	2122	0.85
425	2123	1
425	2124	1
425	2125	1
426	2126	0.41
426	2127	0.56
426	2128	0.8
426	2129	1
426	2130	1
427	2131	1
427	2132	1
427	2133	0.79
427	2134	0.6
427	2135	1
428	2136	0.36
428	2137	0.85
428	2138	0.55
428	2139	0.55
428	2140	0.34
429	2141	1
429	2142	0.78
429	2143	1
429	2144	1
429	2145	0.8
430	2146	0.53
430	2147	1
430	2148	0.71
430	2149	0.64
430	2150	1
431	2151	1
431	2152	0.63
431	2153	0.62
431	2154	1
431	2155	0.56
432	2156	0.83
432	2157	1
432	2158	0.84
432	2159	0.62
432	2160	0.68
433	2161	1
433	2162	0.47
433	2163	0.71
433	2164	1
433	2165	1
434	2166	1
434	2167	0.57
434	2168	1
434	2169	1
434	2170	0.71
435	2171	1
435	2172	0.67
435	2173	0.81
435	2174	1
435	2175	0.59
436	2176	0.72
436	2177	0.53
436	2178	0.35
436	2179	1
436	2180	1
437	2181	0.29
437	2182	1
437	2183	1
437	2184	1
437	2185	1
438	2186	0.9
438	2187	0.84
438	2188	0.42
438	2189	1
438	2190	1
439	2191	0.7
439	2192	1
439	2193	1
439	2194	1
439	2195	0.78
440	2196	0.73
440	2197	1
440	2198	0.57
440	2199	1
440	2200	1
441	2201	0.81
441	2202	1
441	2203	0.73
441	2204	0.65
441	2205	1
442	2206	1
442	2207	1
442	2208	1
442	2209	1
442	2210	1
443	2211	1
443	2212	0.39
443	2213	1
443	2214	1
443	2215	1
444	2216	0.79
444	2217	1
444	2218	1
444	2219	1
444	2220	0.8
445	2221	1
445	2222	0.73
445	2223	0.82
445	2224	0.72
445	2225	1
446	2226	0.61
446	2227	0.61
446	2228	1
446	2229	1
446	2230	1
447	2231	0.79
447	2232	1
447	2233	0.44
447	2234	1
447	2235	0.73
448	2236	0.63
448	2237	1
448	2238	0.62
448	2239	0.28
448	2240	0.77
449	2241	0.63
449	2242	1
449	2243	1
449	2244	0.61
449	2245	0.55
450	2246	1
450	2247	0.77
450	2248	0.46
450	2249	0.44
450	2250	0.51
451	2251	1
451	2252	1
451	2253	1
451	2254	1
451	2255	1
452	2256	1
452	2257	1
452	2258	0.57
452	2259	0.73
452	2260	1
453	2261	1
453	2262	1
453	2263	0.57
453	2264	0.77
453	2265	0.65
454	2266	0.88
454	2267	1
454	2268	0.68
454	2269	1
454	2270	0.79
455	2271	1
455	2272	0.72
455	2273	0.49
455	2274	1
455	2275	1
456	2276	1
456	2277	1
456	2278	0.74
456	2279	1
456	2280	1
457	2281	0.71
457	2282	1
457	2283	1
457	2284	0.77
457	2285	1
458	2286	0.56
458	2287	1
458	2288	1
458	2289	0.73
458	2290	1
459	2291	0.87
459	2292	1
459	2293	0.93
459	2294	0.66
459	2295	1
460	2296	1
460	2297	0.72
460	2298	1
460	2299	1
460	2300	0.88
461	2301	0.38
461	2302	0.44
461	2303	0.68
461	2304	0.68
461	2305	0.55
462	2306	1
462	2307	0.57
462	2308	0.74
462	2309	0.71
462	2310	1
463	2311	1
463	2312	0.63
463	2313	1
463	2314	1
463	2315	0.38
464	2316	1
464	2317	1
464	2318	1
464	2319	1
464	2320	1
465	2321	0.81
465	2322	1
465	2323	0.54
465	2324	0.64
465	2325	1
466	2326	0.9
466	2327	1
466	2328	0.45
466	2329	1
466	2330	1
467	2331	1
467	2332	0.75
467	2333	1
467	2334	0.6
467	2335	0.72
468	2336	1
468	2337	0.55
468	2338	0.68
468	2339	1
468	2340	0.72
469	2341	1
469	2342	0.55
469	2343	0.48
469	2344	1
469	2345	1
470	2346	1
470	2347	1
470	2348	0.48
470	2349	0.56
470	2350	0.86
471	2351	0.52
471	2352	1
471	2353	0.56
471	2354	1
471	2355	0.5
472	2356	1
472	2357	1
472	2358	0.62
472	2359	1
472	2360	1
473	2361	0.68
473	2362	1
473	2363	1
473	2364	1
473	2365	0.81
474	2366	1
474	2367	0.76
474	2368	0.19
474	2369	1
474	2370	0.5
475	2371	0.4
475	2372	0.35
475	2373	0.79
475	2374	0.48
475	2375	1
476	2376	0.44
476	2377	1
476	2378	0.69
476	2379	0.76
476	2380	0.71
477	2381	0.7
477	2382	0.52
477	2383	1
477	2384	0.37
477	2385	1
478	2386	1
478	2387	0.79
478	2388	1
478	2389	1
478	2390	1
479	2391	1
479	2392	1
479	2393	1
479	2394	0.95
479	2395	0.84
480	2396	0.73
480	2397	1
480	2398	0.73
480	2399	1
480	2400	1
481	2401	0.79
481	2402	1
481	2403	0.48
481	2404	1
481	2405	0.66
482	2406	1
482	2407	0.78
482	2408	0.54
482	2409	0.87
482	2410	0.75
483	2411	0.68
483	2412	0.49
483	2413	1
483	2414	0.38
483	2415	0.81
484	2416	1
484	2417	0.66
484	2418	1
484	2419	0.61
484	2420	1
485	2421	0.53
485	2422	1
485	2423	0.72
485	2424	1
485	2425	1
486	2426	1
486	2427	0.34
486	2428	1
486	2429	0.55
486	2430	0.45
487	2431	0.91
487	2432	1
487	2433	1
487	2434	1
487	2435	1
488	2436	1
488	2437	1
488	2438	1
488	2439	1
488	2440	1
489	2441	0.46
489	2442	1
489	2443	0.42
489	2444	1
489	2445	1
490	2446	1
490	2447	0.67
490	2448	1
490	2449	1
490	2450	1
491	2451	0.64
491	2452	0.61
491	2453	1
491	2454	1
491	2455	0.7
492	2456	1
492	2457	1
492	2458	0.45
492	2459	0.68
492	2460	1
493	2461	1
493	2462	0.69
493	2463	1
493	2464	0.7
493	2465	0.52
494	2466	0.7
494	2467	0.72
494	2468	0.86
494	2469	0.77
494	2470	1
495	2471	0.78
495	2472	0.63
495	2473	1
495	2474	0.61
495	2475	1
496	2476	1
496	2477	1
496	2478	0.87
496	2479	0.42
496	2480	0.49
497	2481	0.54
497	2482	0.65
497	2483	0.79
497	2484	1
497	2485	0.62
498	2486	1
498	2487	1
498	2488	0.79
498	2489	1
498	2490	0.61
499	2491	1
499	2492	0.53
499	2493	1
499	2494	1
499	2495	1
500	2496	0.63
500	2497	0.29
500	2498	0.67
500	2499	1
500	2500	1
501	2501	1
501	2502	0.91
501	2503	1
501	2504	1
501	2505	1
502	2506	0.93
502	2507	1
502	2508	1
502	2509	1
502	2510	0.88
503	2511	1
503	2512	1
503	2513	0.47
503	2514	1
503	2515	0.76
504	2516	0.71
504	2517	1
504	2518	0.79
504	2519	1
504	2520	1
505	2521	1
505	2522	1
505	2523	1
505	2524	1
505	2525	1
506	2526	1
506	2527	0.72
506	2528	1
506	2529	1
506	2530	0.56
507	2531	0.71
507	2532	1
507	2533	1
507	2534	1
507	2535	0.66
508	2536	0.56
508	2537	1
508	2538	1
508	2539	1
508	2540	0.57
509	2541	0.54
509	2542	1
509	2543	1
509	2544	0.84
509	2545	1
510	2546	1
510	2547	1
510	2548	1
510	2549	1
510	2550	0.61
511	2551	0.74
511	2552	1
511	2553	1
511	2554	0.5
511	2555	0.78
512	2556	1
512	2557	0.89
512	2558	0.25
512	2559	0.77
512	2560	1
513	2561	1
513	2562	0.53
513	2563	0.47
513	2564	0.72
513	2565	1
514	2566	0.63
514	2567	0.8
514	2568	0.46
514	2569	0.35
514	2570	0.74
515	2571	0.45
515	2572	1
515	2573	1
515	2574	0.72
515	2575	0.64
516	2576	1
516	2577	1
516	2578	0.66
516	2579	1
516	2580	0.73
517	2581	0.38
517	2582	1
517	2583	1
517	2584	0.86
517	2585	0.47
518	2586	0.84
518	2587	1
518	2588	1
518	2589	1
518	2590	0.51
519	2591	0.75
519	2592	1
519	2593	0.76
519	2594	0.61
519	2595	1
520	2596	1
520	2597	0.54
520	2598	0.64
520	2599	0.54
520	2600	1
521	2601	1
521	2602	1
521	2603	0.53
521	2604	1
521	2605	0.41
522	2606	1
522	2607	0.58
522	2608	1
522	2609	0.52
522	2610	0.82
523	2611	0.62
523	2612	0.56
523	2613	0.32
523	2614	1
523	2615	1
524	2616	0.44
524	2617	0.45
524	2618	0.37
524	2619	1
524	2620	1
525	2621	1
525	2622	0.39
525	2623	1
525	2624	0.94
525	2625	1
526	2626	0.67
526	2627	0.65
526	2628	1
526	2629	1
526	2630	1
527	2631	1
527	2632	1
527	2633	0.79
527	2634	0.86
527	2635	0.46
528	2636	0.56
528	2637	0.76
528	2638	0.09
528	2639	0.77
528	2640	1
529	2641	0.69
529	2642	1
529	2643	1
529	2644	0.53
529	2645	1
530	2646	0.65
530	2647	0.62
530	2648	0.69
530	2649	1
530	2650	0.68
531	2651	1
531	2652	1
531	2653	0.56
531	2654	0.84
531	2655	1
532	2656	1
532	2657	1
532	2658	0.38
532	2659	0.81
532	2660	1
533	2661	1
533	2662	1
533	2663	1
533	2664	0.5
533	2665	1
534	2666	0.56
534	2667	0.75
534	2668	0.86
534	2669	0.6
534	2670	1
535	2671	0.63
535	2672	1
535	2673	0.43
535	2674	1
535	2675	1
536	2676	0.76
536	2677	0.86
536	2678	0.53
536	2679	0.67
536	2680	1
537	2681	1
537	2682	1
537	2683	1
537	2684	1
537	2685	0.63
538	2686	1
538	2687	0.46
538	2688	0.76
538	2689	0.53
538	2690	0.78
539	2691	1
539	2692	1
539	2693	0.26
539	2694	1
539	2695	1
540	2696	1
540	2697	1
540	2698	0.5
540	2699	1
540	2700	1
541	2701	1
541	2702	1
541	2703	1
541	2704	0.68
541	2705	0.63
542	2706	1
542	2707	0.22
542	2708	1
542	2709	1
542	2710	0.45
543	2711	1
543	2712	0.44
543	2713	1
543	2714	0.84
543	2715	1
544	2716	0.36
544	2717	0.51
544	2718	1
544	2719	1
544	2720	0.42
545	2721	0.66
545	2722	1
545	2723	0.85
545	2724	1
545	2725	0.48
546	2726	0.26
546	2727	1
546	2728	0.55
546	2729	1
546	2730	0.53
547	2731	1
547	2732	0.73
547	2733	0.53
547	2734	1
547	2735	1
548	2736	0.74
548	2737	0.45
548	2738	1
548	2739	1
548	2740	0.48
549	2741	1
549	2742	1
549	2743	0.62
549	2744	0.53
549	2745	0.54
550	2746	1
550	2747	1
550	2748	1
550	2749	0.43
550	2750	0.55
551	2751	0.61
551	2752	0.68
551	2753	1
551	2754	1
551	2755	0.56
552	2756	0.77
552	2757	0.6
552	2758	1
552	2759	0.82
552	2760	1
553	2761	1
553	2762	1
553	2763	0.6
553	2764	0.44
553	2765	0.57
554	2766	1
554	2767	0.66
554	2768	1
554	2769	0.78
554	2770	1
555	2771	1
555	2772	0.84
555	2773	0.47
555	2774	1
555	2775	0.61
556	2776	0.79
556	2777	1
556	2778	0.76
556	2779	1
556	2780	0.41
557	2781	1
557	2782	1
557	2783	0.64
557	2784	1
557	2785	0.73
558	2786	0.76
558	2787	1
558	2788	1
558	2789	1
558	2790	0.52
559	2791	0.66
559	2792	0.33
559	2793	1
559	2794	1
559	2795	1
560	2796	1
560	2797	0.8
560	2798	1
560	2799	0.46
560	2800	0.52
561	2801	0.32
561	2802	0.83
561	2803	0.77
561	2804	0.47
561	2805	1
562	2806	0.71
562	2807	0.8
562	2808	1
562	2809	1
562	2810	1
563	2811	0.49
563	2812	0.73
563	2813	0.44
563	2814	1
563	2815	1
564	2816	1
564	2817	1
564	2818	0.8
564	2819	1
564	2820	1
565	2821	0.45
565	2822	0.86
565	2823	1
565	2824	0.8
565	2825	1
566	2826	0.64
566	2827	0.75
566	2828	1
566	2829	0.61
566	2830	1
567	2831	0.42
567	2832	0.87
567	2833	1
567	2834	1
567	2835	1
568	2836	1
568	2837	1
568	2838	1
568	2839	0.66
568	2840	0.52
569	2841	0.9
569	2842	0.67
569	2843	0.6
569	2844	0.35
569	2845	0.77
570	2846	1
570	2847	0.89
570	2848	1
570	2849	0.59
570	2850	1
571	2851	0.81
571	2852	0.31
571	2853	1
571	2854	1
571	2855	1
572	2856	0.63
572	2857	1
572	2858	1
572	2859	0.6
572	2860	0.94
573	2861	1
573	2862	1
573	2863	0.83
573	2864	0.76
573	2865	1
574	2866	1
574	2867	1
574	2868	1
574	2869	1
574	2870	0.59
575	2871	1
575	2872	0.82
575	2873	0.36
575	2874	0.62
575	2875	1
576	2876	1
576	2877	0.85
576	2878	1
576	2879	1
576	2880	0.52
577	2881	1
577	2882	1
577	2883	0.5
577	2884	0.56
577	2885	1
578	2886	0.87
578	2887	0.7
578	2888	1
578	2889	1
578	2890	0.65
579	2891	1
579	2892	0.61
579	2893	0.77
579	2894	0.88
579	2895	0.66
580	2896	1
580	2897	0.77
580	2898	0.79
580	2899	1
580	2900	0.68
581	2901	0.74
581	2902	0.76
581	2903	1
581	2904	1
581	2905	1
582	2906	1
582	2907	1
582	2908	0.79
582	2909	0.25
582	2910	0.61
583	2911	1
583	2912	0.65
583	2913	0.62
583	2914	0.6
583	2915	0.45
584	2916	1
584	2917	0.5
584	2918	1
584	2919	0.52
584	2920	0.77
585	2921	0.55
585	2922	0.75
585	2923	0.91
585	2924	0.74
585	2925	0.54
586	2926	0.51
586	2927	1
586	2928	0.63
586	2929	1
586	2930	1
587	2931	1
587	2932	1
587	2933	1
587	2934	1
587	2935	1
588	2936	0.38
588	2937	1
588	2938	0.58
588	2939	1
588	2940	1
589	2941	1
589	2942	1
589	2943	1
589	2944	1
589	2945	0.66
590	2946	0.63
590	2947	0.72
590	2948	0.84
590	2949	1
590	2950	0.88
591	2951	0.77
591	2952	0.77
591	2953	0.7
591	2954	1
591	2955	0.65
592	2956	1
592	2957	0.82
592	2958	0.74
592	2959	0.88
592	2960	0.46
593	2961	1
593	2962	1
593	2963	0.65
593	2964	0.9
593	2965	0.62
594	2966	1
594	2967	1
594	2968	0.19
594	2969	0.51
594	2970	1
595	2971	1
595	2972	0.69
595	2973	1
595	2974	0.66
595	2975	1
596	2976	0.52
596	2977	0.26
596	2978	0.44
596	2979	0.58
596	2980	0.84
597	2981	1
597	2982	0.53
597	2983	1
597	2984	0.95
597	2985	0.73
598	2986	0.59
598	2987	1
598	2988	1
598	2989	1
598	2990	1
599	2991	0.37
599	2992	1
599	2993	0.84
599	2994	1
599	2995	0.91
600	2996	0.82
600	2997	0.53
600	2998	1
600	2999	0.35
600	3000	0.41
601	3001	0.73
601	3002	0.75
601	3003	0.36
601	3004	1
601	3005	0.7
602	3006	1
602	3007	1
602	3008	0.36
602	3009	0.68
602	3010	0.77
603	3011	1
603	3012	0.27
603	3013	1
603	3014	0.31
603	3015	0.76
604	3016	0.49
604	3017	0.45
604	3018	1
604	3019	1
604	3020	0.67
605	3021	0.71
605	3022	0.33
605	3023	0.76
605	3024	1
605	3025	0.47
606	3026	1
606	3027	1
606	3028	1
606	3029	0.23
606	3030	1
607	3031	1
607	3032	0.7
607	3033	0.63
607	3034	1
607	3035	0.88
608	3036	0.39
608	3037	0.51
608	3038	1
608	3039	0.74
608	3040	0.32
609	3041	0.76
609	3042	0.43
609	3043	0.82
609	3044	0.45
609	3045	1
610	3046	0.91
610	3047	1
610	3048	1
610	3049	1
610	3050	0.78
611	3051	1
611	3052	0.51
611	3053	0.75
611	3054	1
611	3055	1
612	3056	1
612	3057	0.52
612	3058	1
612	3059	0.58
612	3060	0.53
613	3061	0.23
613	3062	1
613	3063	1
613	3064	0.83
613	3065	1
614	3066	1
614	3067	1
614	3068	0.72
614	3069	1
614	3070	0.68
615	3071	1
615	3072	1
615	3073	1
615	3074	1
615	3075	0.72
616	3076	1
616	3077	0.6
616	3078	1
616	3079	1
616	3080	1
617	3081	1
617	3082	0.66
617	3083	1
617	3084	1
617	3085	1
618	3086	1
618	3087	0.56
618	3088	0.5
618	3089	1
618	3090	1
619	3091	1
619	3092	0.71
619	3093	1
619	3094	1
619	3095	1
620	3096	1
620	3097	0.25
620	3098	1
620	3099	0.79
620	3100	0.63
621	3101	0.49
621	3102	0.49
621	3103	1
621	3104	1
621	3105	1
622	3106	1
622	3107	1
622	3108	0.48
622	3109	1
622	3110	0.67
623	3111	1
623	3112	0.67
623	3113	0.53
623	3114	0.66
623	3115	1
624	3116	1
624	3117	1
624	3118	0.6
624	3119	0.87
624	3120	0.92
625	3121	1
625	3122	0.24
625	3123	0.51
625	3124	1
625	3125	1
626	3126	0.61
626	3127	0.5
626	3128	0.77
626	3129	1
626	3130	0.7
627	3131	0.76
627	3132	1
627	3133	0.23
627	3134	1
627	3135	1
628	3136	1
628	3137	1
628	3138	0.68
628	3139	1
628	3140	1
629	3141	1
629	3142	0.56
629	3143	1
629	3144	0.68
629	3145	0.85
630	3146	0.61
630	3147	0.33
630	3148	1
630	3149	0.57
630	3150	0.74
631	3151	0.63
631	3152	1
631	3153	0.55
631	3154	1
631	3155	0.81
632	3156	1
632	3157	1
632	3158	1
632	3159	0.77
632	3160	0.71
633	3161	0.5
633	3162	0.87
633	3163	1
633	3164	1
633	3165	1
634	3166	0.73
634	3167	1
634	3168	0.43
634	3169	0.66
634	3170	1
635	3171	1
635	3172	1
635	3173	1
635	3174	0.8
635	3175	1
636	3176	1
636	3177	1
636	3178	1
636	3179	0.5
636	3180	1
637	3181	0.81
637	3182	0.72
637	3183	1
637	3184	0.72
637	3185	0.75
638	3186	1
638	3187	1
638	3188	0.56
638	3189	0.64
638	3190	0.64
639	3191	0.72
639	3192	1
639	3193	0.67
639	3194	0.66
639	3195	1
640	3196	0.56
640	3197	0.53
640	3198	0.58
640	3199	1
640	3200	0.84
641	3201	1
641	3202	0.69
641	3203	1
641	3204	0.91
641	3205	1
642	3206	0.59
642	3207	0.6
642	3208	1
642	3209	0.51
642	3210	0.58
643	3211	0.57
643	3212	0.48
643	3213	0.75
643	3214	0.51
643	3215	1
644	3216	1
644	3217	1
644	3218	1
644	3219	0.68
644	3220	1
645	3221	0.8
645	3222	1
645	3223	0.76
645	3224	0.36
645	3225	0.79
646	3226	1
646	3227	0.59
646	3228	1
646	3229	0.59
646	3230	0.66
647	3231	0.77
647	3232	0.71
647	3233	1
647	3234	1
647	3235	0.51
648	3236	1
648	3237	1
648	3238	1
648	3239	1
648	3240	1
649	3241	0.67
649	3242	1
649	3243	1
649	3244	0.64
649	3245	1
650	3246	1
650	3247	1
650	3248	0.76
650	3249	0.78
650	3250	1
651	3251	1
651	3252	1
651	3253	0.69
651	3254	1
651	3255	0.26
652	3256	0.46
652	3257	1
652	3258	1
652	3259	1
652	3260	1
653	3261	1
653	3262	0.52
653	3263	0.73
653	3264	0.86
653	3265	1
654	3266	0.67
654	3267	0.74
654	3268	0.38
654	3269	1
654	3270	1
655	3271	0.45
655	3272	0.58
655	3273	1
655	3274	1
655	3275	1
656	3276	1
656	3277	1
656	3278	1
656	3279	1
656	3280	0.76
657	3281	1
657	3282	1
657	3283	1
657	3284	0.6
657	3285	1
658	3286	0.75
658	3287	1
658	3288	1
658	3289	0.57
658	3290	1
659	3291	0.73
659	3292	0.75
659	3293	0.32
659	3294	1
659	3295	0.86
660	3296	1
660	3297	0.84
660	3298	0.62
660	3299	1
660	3300	0.66
661	3301	1
661	3302	0.66
661	3303	0.8
661	3304	1
661	3305	1
662	3306	1
662	3307	1
662	3308	0.46
662	3309	0.72
662	3310	0.68
663	3311	0.62
663	3312	1
663	3313	1
663	3314	0.5
663	3315	0.76
664	3316	0.48
664	3317	1
664	3318	0.63
664	3319	0.53
664	3320	1
665	3321	1
665	3322	1
665	3323	1
665	3324	1
665	3325	1
666	3326	0.65
666	3327	1
666	3328	0.54
666	3329	1
666	3330	0.68
667	3331	0.74
667	3332	0.67
667	3333	1
667	3334	0.28
667	3335	0.75
668	3336	0.76
668	3337	0.53
668	3338	1
668	3339	0.76
668	3340	0.64
669	3341	1
669	3342	0.63
669	3343	0.61
669	3344	1
669	3345	0.7
670	3346	1
670	3347	0.91
670	3348	1
670	3349	0.68
670	3350	1
671	3351	0.62
671	3352	1
671	3353	1
671	3354	0.39
671	3355	0.34
672	3356	0.3
672	3357	1
672	3358	0.89
672	3359	1
672	3360	0.9
673	3361	1
673	3362	0.7
673	3363	0.41
673	3364	1
673	3365	1
674	3366	0.73
674	3367	1
674	3368	1
674	3369	0.67
674	3370	1
675	3371	0.55
675	3372	0.84
675	3373	1
675	3374	1
675	3375	1
676	3376	0.76
676	3377	0.72
676	3378	0.78
676	3379	1
676	3380	1
677	3381	1
677	3382	1
677	3383	0.58
677	3384	1
677	3385	1
678	3386	1
678	3387	0.21
678	3388	1
678	3389	0.42
678	3390	0.43
679	3391	0.43
679	3392	1
679	3393	0.67
679	3394	1
679	3395	0.45
680	3396	0.81
680	3397	1
680	3398	1
680	3399	0.72
680	3400	0.57
681	3401	1
681	3402	0.85
681	3403	0.91
681	3404	0.34
681	3405	1
682	3406	1
682	3407	1
682	3408	1
682	3409	1
682	3410	0.59
683	3411	1
683	3412	0.87
683	3413	1
683	3414	0.56
683	3415	0.17
684	3416	0.8
684	3417	0.6
684	3418	0.54
684	3419	0.57
684	3420	0.66
685	3421	1
685	3422	1
685	3423	1
685	3424	1
685	3425	1
686	3426	1
686	3427	0.83
686	3428	1
686	3429	0.61
686	3430	0.54
687	3431	0.85
687	3432	0.87
687	3433	1
687	3434	1
687	3435	0.54
688	3436	0.18
688	3437	1
688	3438	1
688	3439	0.6
688	3440	0.62
689	3441	0.37
689	3442	0.5
689	3443	1
689	3444	0.45
689	3445	1
690	3446	1
690	3447	0.38
690	3448	0.84
690	3449	0.5
690	3450	1
691	3451	0.53
691	3452	0.67
691	3453	1
691	3454	0.82
691	3455	0.35
692	3456	0.68
692	3457	0.66
692	3458	0.32
692	3459	0.79
692	3460	0.45
693	3461	1
693	3462	0.45
693	3463	1
693	3464	0.68
693	3465	1
694	3466	1
694	3467	0.47
694	3468	0.66
694	3469	0.46
694	3470	0.7
695	3471	1
695	3472	1
695	3473	0.61
695	3474	0.79
695	3475	0.61
696	3476	1
696	3477	0.77
696	3478	1
696	3479	1
696	3480	0.55
697	3481	1
697	3482	1
697	3483	0.71
697	3484	1
697	3485	0.87
698	3486	1
698	3487	1
698	3488	1
698	3489	0.74
698	3490	1
699	3491	1
699	3492	0.81
699	3493	0.81
699	3494	1
699	3495	0.83
700	3496	0.78
700	3497	1
700	3498	0.56
700	3499	1
700	3500	0.69
701	3501	0.67
701	3502	1
701	3503	0.82
701	3504	0.76
701	3505	1
702	3506	0.64
702	3507	1
702	3508	0.42
702	3509	1
702	3510	0.41
703	3511	0.76
703	3512	1
703	3513	0.42
703	3514	1
703	3515	1
704	3516	1
704	3517	0.57
704	3518	1
704	3519	0.85
704	3520	0.55
705	3521	0.6
705	3522	1
705	3523	0.71
705	3524	1
705	3525	1
706	3526	0.63
706	3527	0.67
706	3528	1
706	3529	1
706	3530	0.32
707	3531	1
707	3532	0.84
707	3533	0.11
707	3534	0.46
707	3535	1
708	3536	0.76
708	3537	0.16
708	3538	0.61
708	3539	1
708	3540	1
709	3541	1
709	3542	1
709	3543	1
709	3544	0.6
709	3545	1
710	3546	0.84
710	3547	1
710	3548	0.59
710	3549	0.58
710	3550	1
711	3551	0.43
711	3552	0.58
711	3553	0.71
711	3554	1
711	3555	1
712	3556	0.33
712	3557	0.41
712	3558	1
712	3559	1
712	3560	0.71
713	3561	0.89
713	3562	1
713	3563	0.79
713	3564	0.45
713	3565	0.5
714	3566	0.6
714	3567	1
714	3568	0.84
714	3569	1
714	3570	1
715	3571	1
715	3572	1
715	3573	0.46
715	3574	1
715	3575	1
716	3576	0.7
716	3577	1
716	3578	0.35
716	3579	0.9
716	3580	1
717	3581	1
717	3582	1
717	3583	1
717	3584	1
717	3585	1
718	3586	0.63
718	3587	0.58
718	3588	1
718	3589	0.4
718	3590	0.81
719	3591	1
719	3592	0.61
719	3593	0.65
719	3594	0.72
719	3595	0.78
720	3596	0.59
720	3597	0.49
720	3598	0.69
720	3599	1
720	3600	1
721	3601	0.49
721	3602	0.33
721	3603	0.45
721	3604	0.82
721	3605	0.62
722	3606	0.52
722	3607	1
722	3608	0.43
722	3609	1
722	3610	0.59
723	3611	0.85
723	3612	0.68
723	3613	1
723	3614	0.86
723	3615	1
724	3616	0.58
724	3617	0.47
724	3618	0.7
724	3619	0.72
724	3620	1
725	3621	0.67
725	3622	0.72
725	3623	0.55
725	3624	0.36
725	3625	1
726	3626	1
726	3627	0.93
726	3628	0.86
726	3629	1
726	3630	1
727	3631	1
727	3632	0.6
727	3633	0.27
727	3634	0.72
727	3635	0.83
728	3636	1
728	3637	1
728	3638	0.78
728	3639	0.68
728	3640	1
729	3641	0.32
729	3642	1
729	3643	0.87
729	3644	1
729	3645	0.9
730	3646	1
730	3647	1
730	3648	1
730	3649	1
730	3650	0.56
731	3651	0.3
731	3652	0.52
731	3653	1
731	3654	0.86
731	3655	1
732	3656	0.51
732	3657	0.7
732	3658	1
732	3659	0.49
732	3660	0.38
733	3661	1
733	3662	1
733	3663	0.55
733	3664	1
733	3665	1
734	3666	1
734	3667	0.74
734	3668	0.69
734	3669	1
734	3670	0.33
735	3671	0.41
735	3672	1
735	3673	1
735	3674	1
735	3675	1
736	3676	1
736	3677	1
736	3678	1
736	3679	1
736	3680	0.46
737	3681	0.58
737	3682	1
737	3683	0.57
737	3684	0.8
737	3685	1
738	3686	1
738	3687	1
738	3688	0.32
738	3689	1
738	3690	1
739	3691	0.78
739	3692	1
739	3693	1
739	3694	0.57
739	3695	0.57
740	3696	0.4
740	3697	1
740	3698	1
740	3699	1
740	3700	1
741	3701	1
741	3702	0.71
741	3703	0.6
741	3704	1
741	3705	0.93
742	3706	0.47
742	3707	1
742	3708	0.67
742	3709	0.79
742	3710	0.48
743	3711	0.5
743	3712	1
743	3713	0.74
743	3714	0.69
743	3715	1
744	3716	0.58
744	3717	1
744	3718	0.85
744	3719	1
744	3720	1
745	3721	0.93
745	3722	1
745	3723	0.45
745	3724	1
745	3725	1
746	3726	1
746	3727	1
746	3728	0.39
746	3729	0.32
746	3730	1
747	3731	1
747	3732	0.62
747	3733	0.47
747	3734	1
747	3735	0.76
748	3736	1
748	3737	1
748	3738	1
748	3739	0.77
748	3740	1
749	3741	0.88
749	3742	0.45
749	3743	0.7
749	3744	0.76
749	3745	0.31
750	3746	0.65
750	3747	1
750	3748	1
750	3749	0.6
750	3750	1
751	3751	1
751	3752	0.4
751	3753	0.65
751	3754	0.74
751	3755	1
752	3756	1
752	3757	0.69
752	3758	1
752	3759	0.5
752	3760	1
753	3761	1
753	3762	0.75
753	3763	0.79
753	3764	0.21
753	3765	1
754	3766	0.47
754	3767	0.59
754	3768	0.82
754	3769	0.86
754	3770	0.62
755	3771	0.9
755	3772	1
755	3773	0.6
755	3774	1
755	3775	0.07
756	3776	0.67
756	3777	1
756	3778	0.7
756	3779	0.84
756	3780	0.85
757	3781	1
757	3782	0.39
757	3783	1
757	3784	0.65
757	3785	1
758	3786	1
758	3787	0.91
758	3788	1
758	3789	1
758	3790	0.8
759	3791	1
759	3792	0.77
759	3793	0.42
759	3794	0.79
759	3795	0.37
760	3796	1
760	3797	1
760	3798	0.59
760	3799	0.59
760	3800	1
761	3801	0.84
761	3802	1
761	3803	0.33
761	3804	1
761	3805	1
762	3806	0.5
762	3807	1
762	3808	1
762	3809	1
762	3810	0.46
763	3811	0.59
763	3812	1
763	3813	0.48
763	3814	0.64
763	3815	1
764	3816	1
764	3817	0.35
764	3818	1
764	3819	1
764	3820	0.3
765	3821	1
765	3822	1
765	3823	0.44
765	3824	0.84
765	3825	0.46
766	3826	1
766	3827	0.58
766	3828	0.66
766	3829	1
766	3830	0.55
767	3831	1
767	3832	1
767	3833	0.59
767	3834	0.56
767	3835	0.76
768	3836	0.71
768	3837	1
768	3838	0.88
768	3839	1
768	3840	1
769	3841	0.58
769	3842	0.64
769	3843	1
769	3844	1
769	3845	0.45
770	3846	0.49
770	3847	1
770	3848	1
770	3849	0.69
770	3850	0.49
771	3851	1
771	3852	1
771	3853	0.69
771	3854	0.55
771	3855	1
772	3856	1
772	3857	1
772	3858	0.86
772	3859	1
772	3860	0.57
773	3861	0.56
773	3862	0.62
773	3863	1
773	3864	0.54
773	3865	0.7
774	3866	0.37
774	3867	1
774	3868	1
774	3869	0.7
774	3870	0.68
775	3871	1
775	3872	0.36
775	3873	0.64
775	3874	0.73
775	3875	1
776	3876	1
776	3877	1
776	3878	1
776	3879	0.48
776	3880	1
777	3881	1
777	3882	1
777	3883	0.84
777	3884	0.56
777	3885	1
778	3886	0.95
778	3887	1
778	3888	1
778	3889	1
778	3890	0.76
779	3891	1
779	3892	0.75
779	3893	1
779	3894	0.87
779	3895	0.45
780	3896	1
780	3897	1
780	3898	0.85
780	3899	0.29
780	3900	0.54
781	3901	0.73
781	3902	1
781	3903	0.35
781	3904	0.86
781	3905	0.41
782	3906	1
782	3907	0.58
782	3908	0.69
782	3909	0.81
782	3910	0.77
783	3911	0.72
783	3912	0.28
783	3913	1
783	3914	0.51
783	3915	0.64
784	3916	1
784	3917	1
784	3918	1
784	3919	1
784	3920	1
785	3921	0.69
785	3922	1
785	3923	1
785	3924	1
785	3925	0.85
786	3926	1
786	3927	1
786	3928	0.68
786	3929	0.69
786	3930	1
787	3931	1
787	3932	1
787	3933	0.86
787	3934	1
787	3935	0.6
788	3936	0.56
788	3937	1
788	3938	0.62
788	3939	1
788	3940	0.35
789	3941	0.6
789	3942	1
789	3943	0.62
789	3944	1
789	3945	1
790	3946	1
790	3947	0.35
790	3948	1
790	3949	0.68
790	3950	1
791	3951	1
791	3952	0.69
791	3953	0.81
791	3954	1
791	3955	1
792	3956	1
792	3957	0.77
792	3958	1
792	3959	0.63
792	3960	1
793	3961	0.19
793	3962	0.82
793	3963	1
793	3964	1
793	3965	0.62
794	3966	1
794	3967	1
794	3968	1
794	3969	0.87
794	3970	0.68
795	3971	0.66
795	3972	0.65
795	3973	0.29
795	3974	1
795	3975	0.61
796	3976	1
796	3977	1
796	3978	0.58
796	3979	1
796	3980	0.73
797	3981	1
797	3982	0.54
797	3983	1
797	3984	1
797	3985	1
798	3986	1
798	3987	0.52
798	3988	1
798	3989	1
798	3990	1
799	3991	1
799	3992	1
799	3993	0.79
799	3994	1
799	3995	1
800	3996	0.71
800	3997	0.79
800	3998	0.63
800	3999	1
800	4000	0.6
801	4001	0.59
801	4002	1
801	4003	1
801	4004	1
801	4005	1
802	4006	0.59
802	4007	0.48
802	4008	1
802	4009	1
802	4010	1
803	4011	1
803	4012	1
803	4013	1
803	4014	0.63
803	4015	1
804	4016	0.79
804	4017	0.67
804	4018	0.61
804	4019	1
804	4020	1
805	4021	0.51
805	4022	1
805	4023	1
805	4024	1
805	4025	1
806	4026	0.62
806	4027	0.63
806	4028	0.79
806	4029	0.77
806	4030	1
807	4031	1
807	4032	1
807	4033	0.4
807	4034	0.75
807	4035	0.36
808	4036	0.85
808	4037	0.74
808	4038	0.54
808	4039	0.5
808	4040	0.58
809	4041	0.8
809	4042	0.63
809	4043	1
809	4044	0.71
809	4045	0.37
810	4046	1
810	4047	1
810	4048	0.58
810	4049	0.75
810	4050	1
811	4051	0.54
811	4052	1
811	4053	0.77
811	4054	0.82
811	4055	0.71
812	4056	1
812	4057	1
812	4058	0.36
812	4059	0.58
812	4060	0.79
813	4061	1
813	4062	0.42
813	4063	0.68
813	4064	1
813	4065	1
814	4066	1
814	4067	1
814	4068	1
814	4069	0.34
814	4070	0.89
815	4071	1
815	4072	1
815	4073	1
815	4074	0.73
815	4075	1
816	4076	1
816	4077	0.75
816	4078	1
816	4079	0.82
816	4080	0.37
817	4081	0.56
817	4082	0.56
817	4083	0.85
817	4084	0.74
817	4085	0.43
818	4086	0.53
818	4087	0.65
818	4088	1
818	4089	1
818	4090	0.7
819	4091	0.61
819	4092	0.95
819	4093	1
819	4094	1
819	4095	0.71
820	4096	1
820	4097	0.9
820	4098	0.46
820	4099	1
820	4100	1
821	4101	1
821	4102	1
821	4103	1
821	4104	1
821	4105	0.56
822	4106	0.41
822	4107	1
822	4108	1
822	4109	0.59
822	4110	0.58
823	4111	0.54
823	4112	0.93
823	4113	0.77
823	4114	1
823	4115	1
824	4116	0.76
824	4117	0.66
824	4118	0.58
824	4119	1
824	4120	1
825	4121	1
825	4122	0.74
825	4123	1
825	4124	1
825	4125	0.53
826	4126	1
826	4127	1
826	4128	1
826	4129	1
826	4130	1
827	4131	1
827	4132	0.65
827	4133	1
827	4134	1
827	4135	1
828	4136	0.61
828	4137	0.87
828	4138	1
828	4139	0.59
828	4140	0.59
829	4141	0.51
829	4142	1
829	4143	0.37
829	4144	0.5
829	4145	0.75
830	4146	1
830	4147	0.43
830	4148	0.51
830	4149	0.44
830	4150	1
831	4151	0.47
831	4152	0.3
831	4153	0.47
831	4154	0.46
831	4155	1
832	4156	1
832	4157	0.97
832	4158	0.46
832	4159	1
832	4160	0.5
833	4161	1
833	4162	1
833	4163	0.65
833	4164	1
833	4165	1
834	4166	0.6
834	4167	0.78
834	4168	0.47
834	4169	0.62
834	4170	1
835	4171	1
835	4172	1
835	4173	1
835	4174	0.46
835	4175	1
836	4176	0.88
836	4177	1
836	4178	0.48
836	4179	0.61
836	4180	1
837	4181	0.83
837	4182	1
837	4183	1
837	4184	0.78
837	4185	1
838	4186	1
838	4187	0.69
838	4188	1
838	4189	0.66
838	4190	1
839	4191	1
839	4192	0.15
839	4193	1
839	4194	1
839	4195	1
840	4196	0.63
840	4197	0.72
840	4198	1
840	4199	1
840	4200	1
841	4201	0.66
841	4202	0.59
841	4203	1
841	4204	1
841	4205	1
842	4206	0.84
842	4207	0.87
842	4208	0.67
842	4209	1
842	4210	0.68
843	4211	0.35
843	4212	0.51
843	4213	1
843	4214	0.96
843	4215	0.38
844	4216	0.74
844	4217	0.48
844	4218	0.66
844	4219	1
844	4220	0.81
845	4221	1
845	4222	1
845	4223	1
845	4224	1
845	4225	0.78
846	4226	1
846	4227	1
846	4228	0.7
846	4229	1
846	4230	0.5
847	4231	0.65
847	4232	1
847	4233	1
847	4234	0.6
847	4235	0.4
848	4236	0.4
848	4237	1
848	4238	0.64
848	4239	1
848	4240	1
849	4241	0.74
849	4242	1
849	4243	0.66
849	4244	0.42
849	4245	1
850	4246	1
850	4247	1
850	4248	1
850	4249	0.42
850	4250	1
851	4251	0.71
851	4252	0.62
851	4253	1
851	4254	1
851	4255	1
852	4256	1
852	4257	1
852	4258	1
852	4259	1
852	4260	0.79
853	4261	1
853	4262	1
853	4263	1
853	4264	0.75
853	4265	1
854	4266	1
854	4267	1
854	4268	1
854	4269	0.6
854	4270	1
855	4271	0.57
855	4272	0.5
855	4273	0.58
855	4274	1
855	4275	1
856	4276	0.8
856	4277	1
856	4278	1
856	4279	1
856	4280	0.66
857	4281	0.65
857	4282	0.6
857	4283	0.57
857	4284	0.81
857	4285	1
858	4286	0.72
858	4287	0.51
858	4288	1
858	4289	0.71
858	4290	0.37
859	4291	1
859	4292	1
859	4293	1
859	4294	0.61
859	4295	0.55
860	4296	0.63
860	4297	1
860	4298	0.47
860	4299	0.91
860	4300	0.61
861	4301	1
861	4302	1
861	4303	1
861	4304	0.86
861	4305	1
862	4306	0.56
862	4307	1
862	4308	1
862	4309	1
862	4310	1
863	4311	1
863	4312	0.54
863	4313	0.57
863	4314	1
863	4315	1
864	4316	1
864	4317	0.8
864	4318	1
864	4319	1
864	4320	0.48
865	4321	0.72
865	4322	1
865	4323	1
865	4324	1
865	4325	0.85
866	4326	0.8
866	4327	0.68
866	4328	1
866	4329	1
866	4330	1
867	4331	0.69
867	4332	0.54
867	4333	0.55
867	4334	0.43
867	4335	1
868	4336	0.76
868	4337	0.4
868	4338	1
868	4339	1
868	4340	1
869	4341	1
869	4342	0.81
869	4343	0.7
869	4344	0.73
869	4345	1
870	4346	1
870	4347	1
870	4348	0.76
870	4349	0.79
870	4350	1
871	4351	1
871	4352	1
871	4353	0.75
871	4354	1
871	4355	1
872	4356	0.87
872	4357	0.68
872	4358	0.55
872	4359	1
872	4360	1
873	4361	1
873	4362	1
873	4363	0.84
873	4364	0.65
873	4365	1
874	4366	1
874	4367	1
874	4368	0.84
874	4369	1
874	4370	1
875	4371	1
875	4372	1
875	4373	0.62
875	4374	1
875	4375	0.63
876	4376	0.6
876	4377	0.56
876	4378	1
876	4379	1
876	4380	1
877	4381	0.89
877	4382	1
877	4383	0.74
877	4384	0.57
877	4385	0.86
878	4386	0.36
878	4387	0.47
878	4388	0.56
878	4389	1
878	4390	0.65
879	4391	1
879	4392	1
879	4393	0.52
879	4394	0.75
879	4395	0.62
880	4396	0.39
880	4397	1
880	4398	0.63
880	4399	0.37
880	4400	1
881	4401	0.62
881	4402	0.43
881	4403	0.63
881	4404	0.8
881	4405	0.57
882	4406	1
882	4407	0.63
882	4408	0.38
882	4409	0.65
882	4410	1
883	4411	1
883	4412	1
883	4413	1
883	4414	1
883	4415	0.61
884	4416	1
884	4417	1
884	4418	0.83
884	4419	0.61
884	4420	0.55
885	4421	1
885	4422	1
885	4423	0.79
885	4424	1
885	4425	0.66
886	4426	0.96
886	4427	0.72
886	4428	1
886	4429	1
886	4430	0.81
887	4431	1
887	4432	1
887	4433	1
887	4434	0.58
887	4435	0.64
888	4436	0.89
888	4437	0.7
888	4438	1
888	4439	1
888	4440	1
889	4441	0.62
889	4442	0.56
889	4443	0.7
889	4444	0.53
889	4445	1
890	4446	0.33
890	4447	0.78
890	4448	1
890	4449	0.36
890	4450	1
891	4451	1
891	4452	1
891	4453	0.4
891	4454	1
891	4455	1
892	4456	1
892	4457	0.49
892	4458	1
892	4459	0.83
892	4460	0.67
893	4461	1
893	4462	1
893	4463	1
893	4464	1
893	4465	0.55
894	4466	1
894	4467	0.7
894	4468	1
894	4469	1
894	4470	1
895	4471	1
895	4472	1
895	4473	1
895	4474	0.76
895	4475	0.58
896	4476	0.51
896	4477	1
896	4478	0.59
896	4479	0.61
896	4480	1
897	4481	0.5
897	4482	1
897	4483	0.7
897	4484	1
897	4485	1
898	4486	1
898	4487	1
898	4488	0.43
898	4489	1
898	4490	0.5
899	4491	0.38
899	4492	1
899	4493	1
899	4494	1
899	4495	1
900	4496	1
900	4497	0.71
900	4498	0.36
900	4499	1
900	4500	1
901	4501	1
901	4502	0.56
901	4503	0.38
901	4504	1
901	4505	1
902	4506	1
902	4507	0.75
902	4508	1
902	4509	0.6
902	4510	1
903	4511	0.75
903	4512	1
903	4513	0.54
903	4514	0.53
903	4515	1
904	4516	1
904	4517	1
904	4518	0.87
904	4519	1
904	4520	0.4
905	4521	0.52
905	4522	1
905	4523	0.51
905	4524	0.73
905	4525	1
906	4526	0.78
906	4527	0.78
906	4528	1
906	4529	1
906	4530	0.48
907	4531	1
907	4532	1
907	4533	0.82
907	4534	1
907	4535	1
908	4536	1
908	4537	0.75
908	4538	1
908	4539	0.62
908	4540	0.7
909	4541	0.48
909	4542	1
909	4543	0.82
909	4544	1
909	4545	0.64
910	4546	0.72
910	4547	1
910	4548	1
910	4549	0.73
910	4550	1
911	4551	1
911	4552	1
911	4553	0.45
911	4554	1
911	4555	0.62
912	4556	0.56
912	4557	0.4
912	4558	1
912	4559	1
912	4560	0.61
913	4561	0.68
913	4562	1
913	4563	1
913	4564	0.59
913	4565	1
914	4566	0.54
914	4567	0.66
914	4568	0.64
914	4569	0.73
914	4570	1
915	4571	0.83
915	4572	0.49
915	4573	1
915	4574	1
915	4575	0.54
916	4576	0.74
916	4577	1
916	4578	1
916	4579	0.58
916	4580	0.89
917	4581	0.66
917	4582	0.73
917	4583	1
917	4584	1
917	4585	1
918	4586	1
918	4587	1
918	4588	0.42
918	4589	0.42
918	4590	1
919	4591	0.46
919	4592	0.67
919	4593	0.81
919	4594	1
919	4595	0.62
920	4596	0.84
920	4597	0.4
920	4598	1
920	4599	1
920	4600	1
921	4601	0.39
921	4602	0.26
921	4603	1
921	4604	1
921	4605	0.73
922	4606	0.73
922	4607	0.67
922	4608	1
922	4609	0.53
922	4610	1
923	4611	0.74
923	4612	1
923	4613	0.62
923	4614	0.64
923	4615	1
924	4616	1
924	4617	1
924	4618	0.72
924	4619	0.23
924	4620	0.45
925	4621	1
925	4622	0.55
925	4623	1
925	4624	0.43
925	4625	1
926	4626	0.45
926	4627	1
926	4628	0.91
926	4629	1
926	4630	0.56
927	4631	1
927	4632	0.52
927	4633	1
927	4634	1
927	4635	0.55
928	4636	0.58
928	4637	0.61
928	4638	1
928	4639	0.77
928	4640	1
929	4641	0.67
929	4642	1
929	4643	0.51
929	4644	0.84
929	4645	1
930	4646	1
930	4647	1
930	4648	1
930	4649	0.8
930	4650	1
931	4651	0.67
931	4652	1
931	4653	1
931	4654	1
931	4655	0.79
932	4656	0.68
932	4657	0.77
932	4658	0.57
932	4659	0.51
932	4660	0.68
933	4661	0.7
933	4662	0.29
933	4663	1
933	4664	0.7
933	4665	1
934	4666	0.33
934	4667	1
934	4668	1
934	4669	0.81
934	4670	1
935	4671	0.72
935	4672	1
935	4673	1
935	4674	1
935	4675	0.55
936	4676	0.83
936	4677	1
936	4678	0.48
936	4679	1
936	4680	0.67
937	4681	0.87
937	4682	1
937	4683	0.79
937	4684	0.63
937	4685	0.5
938	4686	0.65
938	4687	1
938	4688	0.86
938	4689	1
938	4690	0.47
939	4691	1
939	4692	0.38
939	4693	1
939	4694	1
939	4695	1
940	4696	1
940	4697	0.52
940	4698	1
940	4699	1
940	4700	1
941	4701	1
941	4702	1
941	4703	0.82
941	4704	0.87
941	4705	1
942	4706	1
942	4707	0.46
942	4708	0.64
942	4709	1
942	4710	0.41
943	4711	0.64
943	4712	0.67
943	4713	1
943	4714	0.94
943	4715	1
944	4716	0.41
944	4717	1
944	4718	1
944	4719	1
944	4720	1
945	4721	1
945	4722	1
945	4723	1
945	4724	0.83
945	4725	1
946	4726	1
946	4727	1
946	4728	1
946	4729	0.59
946	4730	1
947	4731	1
947	4732	1
947	4733	0.76
947	4734	0.81
947	4735	1
948	4736	0.77
948	4737	1
948	4738	0.76
948	4739	1
948	4740	0.68
949	4741	1
949	4742	0.71
949	4743	0.4
949	4744	1
949	4745	1
950	4746	1
950	4747	0.4
950	4748	1
950	4749	0.77
950	4750	0.68
951	4751	1
951	4752	0.53
951	4753	1
951	4754	1
951	4755	1
952	4756	1
952	4757	0.56
952	4758	1
952	4759	0.65
952	4760	1
953	4761	0.62
953	4762	0.48
953	4763	0.49
953	4764	0.76
953	4765	1
954	4766	0.76
954	4767	0.58
954	4768	1
954	4769	0.53
954	4770	1
955	4771	0.88
955	4772	1
955	4773	0.81
955	4774	0.53
955	4775	0.46
956	4776	1
956	4777	0.49
956	4778	0.47
956	4779	1
956	4780	1
957	4781	0.44
957	4782	0.69
957	4783	1
957	4784	0.45
957	4785	1
958	4786	0.26
958	4787	1
958	4788	0.62
958	4789	0.4
958	4790	0.58
959	4791	1
959	4792	0.47
959	4793	0.76
959	4794	1
959	4795	0.35
960	4796	1
960	4797	0.55
960	4798	1
960	4799	0.54
960	4800	0.68
961	4801	0.86
961	4802	0.56
961	4803	0.9
961	4804	0.74
961	4805	0.73
962	4806	0.81
962	4807	0.64
962	4808	0.8
962	4809	0.46
962	4810	1
963	4811	0.65
963	4812	1
963	4813	0.51
963	4814	1
963	4815	1
964	4816	0.5
964	4817	1
964	4818	0.68
964	4819	0.65
964	4820	1
965	4821	0.47
965	4822	1
965	4823	1
965	4824	1
965	4825	1
966	4826	0.5
966	4827	0.26
966	4828	1
966	4829	0.82
966	4830	1
967	4831	1
967	4832	0.27
967	4833	1
967	4834	0.65
967	4835	0.69
968	4836	1
968	4837	1
968	4838	0.75
968	4839	0.75
968	4840	1
969	4841	0.7
969	4842	0.52
969	4843	1
969	4844	0.61
969	4845	1
970	4846	0.73
970	4847	0.46
970	4848	0.58
970	4849	1
970	4850	1
971	4851	1
971	4852	1
971	4853	1
971	4854	1
971	4855	1
972	4856	1
972	4857	1
972	4858	1
972	4859	1
972	4860	1
973	4861	1
973	4862	0.51
973	4863	1
973	4864	1
973	4865	1
974	4866	1
974	4867	1
974	4868	0.78
974	4869	1
974	4870	0.66
975	4871	1
975	4872	0.67
975	4873	0.84
975	4874	0.6
975	4875	0.57
976	4876	1
976	4877	0.47
976	4878	1
976	4879	0.51
976	4880	1
977	4881	1
977	4882	0.75
977	4883	1
977	4884	1
977	4885	1
978	4886	0.61
978	4887	0.61
978	4888	0.85
978	4889	1
978	4890	0.52
979	4891	1
979	4892	1
979	4893	1
979	4894	1
979	4895	0.73
980	4896	0.4
980	4897	0.66
980	4898	1
980	4899	1
980	4900	0.84
981	4901	0.49
981	4902	1
981	4903	1
981	4904	0.52
981	4905	0.84
982	4906	0.23
982	4907	1
982	4908	0.34
982	4909	1
982	4910	1
983	4911	1
983	4912	1
983	4913	0.51
983	4914	0.83
983	4915	0.49
984	4916	0.88
984	4917	0.55
984	4918	1
984	4919	1
984	4920	1
985	4921	1
985	4922	1
985	4923	1
985	4924	0.76
985	4925	0.38
986	4926	1
986	4927	0.51
986	4928	1
986	4929	1
986	4930	0.64
987	4931	0.78
987	4932	1
987	4933	1
987	4934	1
987	4935	1
988	4936	0.79
988	4937	1
988	4938	0.56
988	4939	1
988	4940	0.82
989	4941	1
989	4942	1
989	4943	0.46
989	4944	0.73
989	4945	0.6
990	4946	0.71
990	4947	1
990	4948	1
990	4949	0.31
990	4950	0.44
991	4951	0.66
991	4952	1
991	4953	1
991	4954	1
991	4955	0.86
992	4956	0.6
992	4957	0.55
992	4958	0.84
992	4959	0.45
992	4960	0.56
993	4961	1
993	4962	0.33
993	4963	1
993	4964	0.69
993	4965	1
994	4966	0.28
994	4967	0.9
994	4968	1
994	4969	0.58
994	4970	1
995	4971	0.67
995	4972	1
995	4973	1
995	4974	1
995	4975	1
996	4976	1
996	4977	0.29
996	4978	0.8
996	4979	0.83
996	4980	1
997	4981	0.56
997	4982	1
997	4983	1
997	4984	1
997	4985	0.66
998	4986	1
998	4987	1
998	4988	1
998	4989	0.87
998	4990	1
999	4991	0.74
999	4992	0.54
999	4993	0.71
999	4994	0.49
999	4995	0.64
1000	4996	1
1000	4997	1
1000	4998	1
1000	4999	0.89
1000	5000	0.76
